Weisfeiler-Lehman Kernel similarity matrix:

        1      2      3      4      5      6      7
  1  1.00   0.16   0.14   0.15   0.16   0.15   0.12
  2  0.16   1.00   0.14   0.16   0.27   0.16   0.13
  3  0.14   0.14   1.00   0.15   0.14   0.15   0.15
  4  0.15   0.16   0.15   1.00   0.16   0.29   0.14
  5  0.16   0.27   0.14   0.16   1.00   0.16   0.13
  6  0.15   0.16   0.15   0.29   0.16   1.00   0.14
  7  0.12   0.13   0.15   0.14   0.13   0.14   1.00

Subgraph Kernel similarity matrix:

        1      2      3      4      5      6      7
  1  1.00   0.34   0.25   0.17   0.13   0.21   0.38
  2  0.34   1.00   0.19   0.15   0.13   0.18   0.26
  3  0.25   0.19   1.00   0.25   0.15   0.26   0.48
  4  0.17   0.15   0.25   1.00   0.12   0.18   0.24
  5  0.13   0.13   0.15   0.12   1.00   0.12   0.16
  6  0.21   0.18   0.26   0.18   0.12   1.00   0.39
  7  0.38   0.26   0.48   0.24   0.16   0.39   1.00